-14.784 1.000
-14.661 0.000
-14.538 -0.962
-14.414 3.360
-14.291 11.160
-14.168 6.741
-14.045 -8.682
-13.922 -1.339
-13.798 -5.777
-13.675 1.567
-13.552 -5.817
-13.429 12.947
-13.306 11.642
-13.182 15.873
-13.059 -18.807
-12.936 -6.593
-12.813 -2.297
-12.690 -17.267
-12.566 14.903
-12.443 11.958
-12.320 28.331
-12.197 23.826
-12.074 1.967
-11.950 -11.617
-11.827 21.270
-11.704 -12.076
-11.581 -12.379
-11.458 27.766
-11.334 -2.965
-11.211 19.489
-11.088 -4.993
-10.965 -6.924
-10.842 17.303
-10.718 24.197
-10.595 -7.834
-10.472 26.967
-10.349 -12.871
-10.226 0.628
-10.102 2.908
-9.979 -28.992
-9.856 30.112
-9.733 38.406
-9.610 47.595
-9.486 -2.333
-9.363 24.317
-9.240 17.838
-9.117 -56.992
-8.994 -20.089
-8.870 -16.273
-8.747 27.139
-8.624 69.165
-8.501 42.286
-8.378 -20.850
-8.254 84.452
-8.131 -48.126
-8.008 -40.830
-7.885 -53.813
-7.762 -3.434
-7.638 -3.130
-7.515 25.102
-7.392 35.384
-7.269 -12.487
-7.146 -62.143
-7.022 37.418
-6.899 23.307
-6.776 9.143
-6.653 -111.750
-6.530 -100.511
-6.406 43.317
-6.283 23.270
-6.160 20.964
-6.037 -107.707
-5.914 -18.325
-5.790 59.251
-5.667 66.868
-5.544 5.219
-5.421 -135.660
-5.298 -11.723
-5.174 8.529
-5.051 37.626
-4.928 50.164
-4.805 -76.971
-4.682 -16.122
-4.558 57.182
-4.435 -23.253
-4.312 -36.498
-4.189 -61.938
-4.066 22.190
-3.942 36.622
-3.819 81.743
-3.696 -55.962
-3.573 -26.597
-3.450 28.767
-3.326 -23.690
-3.203 26.518
-3.080 42.647
-2.957 114.691
-2.834 40.992
-2.710 53.234
-2.587 -75.598
-2.464 -4.109
-2.341 96.878
-2.218 80.609
-2.094 25.561
-1.971 182.679
-1.848 161.483
-1.725 140.463
-1.602 116.465
-1.478 214.963
-1.355 244.705
-1.232 231.949
-1.109 245.886
-0.986 255.708
-0.862 262.963
-0.739 366.389
-0.616 492.058
-0.493 538.116
-0.370 431.334
-0.246 552.047
-0.123 589.777
0.000 561.350
0.123 620.431
0.246 556.632
0.370 666.993
0.493 546.834
0.616 566.759
0.739 652.856
0.862 532.757
0.986 483.288
1.109 546.605
1.232 499.755
1.355 476.530
1.478 394.410
1.602 338.600
1.725 275.486
1.848 264.579
1.971 215.933
2.094 199.931
2.218 102.027
2.341 119.340
2.464 194.556
2.587 64.879
2.710 28.463
2.834 131.943
2.957 86.332
3.080 53.876
3.203 152.341
3.326 -99.512
3.450 95.237
3.573 47.636
3.696 171.529
3.819 -3.050
3.942 28.917
4.066 16.132
4.189 40.101
4.312 19.360
4.435 87.814
4.558 58.648
4.682 5.470
4.805 41.650
4.928 38.860
5.051 44.301
5.174 -30.243
5.298 102.605
5.421 24.538
5.544 52.943
5.667 29.982
5.790 -41.478
5.914 -7.177
6.037 18.993
6.160 38.173
6.283 12.596
6.406 -51.815
6.530 0.029
6.653 -25.619
6.776 22.786
6.899 -36.180
7.022 10.863
7.146 72.294
7.269 -14.961
7.392 -10.875
7.515 -34.805
7.638 54.367
7.762 38.171
7.885 21.874
8.008 50.212
8.131 22.693
8.254 7.155
8.378 -3.796
8.501 19.706
8.624 8.585
8.747 29.608
8.870 7.413
8.994 2.497
9.117 10.374
9.240 4.195
9.363 -10.247
9.486 34.458
9.610 -14.586
9.733 -24.335
9.856 -9.579
9.979 -33.151
10.102 -2.097
10.226 10.177
10.349 3.312
10.472 -20.196
10.595 16.233
10.718 -5.664
10.842 30.274
10.965 14.940
11.088 26.886
11.211 -13.166
11.334 43.710
11.458 9.149
11.581 6.519
11.704 -9.788
11.827 -17.674
11.950 -9.487
12.074 -20.779
12.197 3.381
12.320 21.284
12.443 -21.656
12.566 0.738
12.690 14.367
12.813 6.788
12.936 -12.583
13.059 -1.073
13.182 -1.058
13.306 -14.347
13.429 13.565
13.552 12.014
13.675 -4.947
13.798 4.220
13.922 5.079
14.045 -4.256
14.168 2.151
14.291 1.289
14.414 5.884
14.538 -1.149
14.661 0.000
14.784 0.000
