-2.536 0.000
-2.504 2.000
-2.473 -1.670
-2.441 -3.499
-2.409 5.798
-2.377 6.393
-2.346 6.372
-2.314 9.304
-2.282 4.093
-2.251 -0.503
-2.219 -5.510
-2.187 -11.122
-2.156 -5.811
-2.124 16.387
-2.092 13.412
-2.061 -0.404
-2.029 10.690
-1.997 5.421
-1.965 -21.868
-1.934 5.923
-1.902 3.047
-1.870 -29.311
-1.839 -23.178
-1.807 45.535
-1.775 3.582
-1.744 -2.815
-1.712 20.844
-1.680 16.864
-1.648 -31.496
-1.617 -26.837
-1.585 25.519
-1.553 35.623
-1.522 -10.659
-1.490 1.884
-1.458 26.772
-1.427 -60.771
-1.395 -39.425
-1.363 27.944
-1.331 79.766
-1.300 -69.806
-1.268 19.267
-1.236 36.818
-1.205 -42.516
-1.173 -55.015
-1.141 -8.183
-1.110 -42.866
-1.078 60.466
-1.046 92.622
-1.014 94.266
-0.983 70.551
-0.951 -10.081
-0.919 44.759
-0.888 -46.415
-0.856 71.581
-0.824 20.402
-0.792 -20.751
-0.761 -59.192
-0.729 91.086
-0.697 38.196
-0.666 -8.667
-0.634 -104.634
-0.602 104.252
-0.571 57.358
-0.539 58.058
-0.507 67.229
-0.476 6.805
-0.444 21.968
-0.412 8.220
-0.380 135.397
-0.349 36.328
-0.317 22.249
-0.285 204.676
-0.254 422.356
-0.222 260.491
-0.190 472.384
-0.159 556.615
-0.127 689.887
-0.095 656.640
-0.063 754.443
-0.032 827.303
0.000 879.762
0.032 793.550
0.063 747.422
0.095 659.442
0.127 609.085
0.159 491.554
0.190 456.536
0.222 362.962
0.254 374.884
0.285 290.969
0.317 295.723
0.349 124.102
0.380 143.065
0.412 161.050
0.444 124.779
0.475 117.253
0.507 71.780
0.539 40.674
0.571 17.920
0.602 -107.288
0.634 -8.610
0.666 -3.743
0.697 89.150
0.729 56.781
0.761 -62.375
0.792 125.888
0.824 -55.004
0.856 -110.656
0.888 -37.509
0.919 16.001
0.951 6.920
0.983 54.001
1.014 -31.723
1.046 29.569
1.078 77.930
1.109 42.797
1.141 1.072
1.173 4.619
1.205 20.349
1.236 -46.903
1.268 43.633
1.300 36.609
1.331 -0.962
1.363 -29.159
1.395 11.052
1.426 -12.699
1.458 18.974
1.490 -5.001
1.522 13.667
1.553 64.315
1.585 -40.832
1.617 29.414
1.648 -13.638
1.680 -0.750
1.712 -22.531
1.743 0.995
1.775 33.744
1.807 -0.557
1.839 15.912
1.870 10.174
1.902 -4.576
1.934 18.277
1.965 -24.364
1.997 6.803
2.029 2.661
2.060 1.923
2.092 19.655
2.124 4.649
2.156 -4.366
2.187 6.139
2.219 -5.586
2.251 7.477
2.282 3.007
2.314 -0.844
2.346 1.010
2.377 -0.510
2.409 1.010
2.441 4.039
2.473 0.081
2.504 1.000
2.536 0.000
